Cell_line_name	BT474	EFM19	MDAMB453	HCC2218	HCC1187	HCC1954	ZR7530	CAL120	BT20	HCC70	MCF7	CAL51	HCC1395
QRFPR_DEL	-1	-1	-1	-1	0	-1	0	0	0	0	0	0	0
ELAVL2_DEL	-1	-1	-1	0	0	0	0	0	0	0	0	0	0
DMRTA1_DEL	-1	-1	-1	0	0	0	0	0	0	0	0	0	0
FLJ35282_DEL	-1	-1	-1	0	0	0	0	0	0	0	0	0	0
ASAH2_DEL	-1	-1	0	-1	-1	0	0	0	0	0	0	0	0
FMN2_AMP	1	1	1	1	0	1	0	1	0	0	0	0	0
OR4N4_AMP	1	1	0	0	0	0	0	0	0	0	0	0	0
NBEAP1_AMP	1	1	0	0	0	0	0	0	0	0	0	0	0
LOC646214_AMP	1	1	0	0	0	0	0	0	0	0	0	0	0
CXADRP2_AMP	1	1	0	0	0	0	0	0	0	0	0	0	0
LOC727924_AMP	1	1	0	0	0	0	0	0	0	0	0	0	0
OR4M2_AMP	1	1	0	0	0	0	0	0	0	0	0	0	0
OR4N3P_AMP	1	1	0	0	0	0	0	0	0	0	0	0	0
REREP3_AMP	1	1	0	0	0	0	0	0	0	0	0	0	0
CHEK2P2_AMP	1	1	0	0	0	0	0	0	0	0	0	0	0
LINGO2_DEL	-1	-1	0	0	0	0	0	0	0	0	0	0	0
LOC100506422_DEL	-1	-1	0	0	0	0	0	0	0	0	0	0	0
LINC00032_DEL	-1	-1	0	0	0	0	0	0	0	0	0	0	0
C9orf72_DEL	-1	-1	0	0	0	0	0	0	0	0	0	0	0
MIR876_DEL	-1	-1	0	0	0	0	0	0	0	0	0	0	0
MIR873_DEL	-1	-1	0	0	0	0	0	0	0	0	0	0	0
PTPRT_DEL	-1	-1	0	0	0	0	0	0	0	0	0	0	0
TUSC1_DEL	-1	-1	0	0	0	0	0	0	0	0	0	0	0
C9orf11_DEL	-1	-1	0	0	0	0	0	0	0	0	0	0	0
IFNK_DEL	-1	-1	0	0	0	0	0	0	0	0	0	0	0
TEK_DEL	-1	-1	0	0	0	0	0	0	0	0	0	0	0
MOB3B_DEL	-1	-1	0	0	0	0	0	0	0	0	0	0	0
CAAP1_DEL	-1	-1	0	0	0	0	0	0	0	0	0	0	0
IFT74_DEL	-1	-1	0	0	0	0	0	0	0	0	0	0	0
PLAA_DEL	-1	-1	0	0	0	0	0	0	0	0	0	0	0
LRRC19_DEL	-1	-1	0	0	0	0	0	0	0	0	0	0	0
SRSF6_DEL	-1	-1	0	0	0	0	0	0	0	0	0	0	0
YY1AP1_AMP	1	1	1	0	0	1	1	0	0	0	0	0	0
DLX3_AMP	1	0	1	1	0	0	0	0	0	0	0	0	0
DLX4_AMP	1	0	1	1	0	0	0	0	0	0	0	0	0
OR2T35_AMP	1	0	1	1	0	0	0	0	0	0	0	0	0
LUC7L3_AMP	1	0	1	1	0	0	0	0	0	0	0	0	0
ABCC3_AMP	1	0	1	1	0	0	0	0	0	0	0	0	0
ANKRD40_AMP	1	0	1	1	0	0	0	0	0	0	0	0	0
TRIM16_DEL	-1	-1	0	-1	0	0	-1	0	0	0	0	0	0
MACROD2_AMP	1	0	1	0	0	0	0	0	0	0	0	0	0
LOC100873065_AMP	1	0	1	0	0	0	0	0	0	0	0	0	0
SNORD124_AMP	1	0	1	0	0	0	0	0	0	0	0	0	0
CSF3_AMP	1	0	1	0	0	0	0	0	0	0	0	0	0
MIR4474_DEL	-1	0	-1	0	0	0	0	0	0	0	0	0	0
MIR4473_DEL	-1	0	-1	0	0	0	0	0	0	0	0	0	0
MIR3152_DEL	-1	0	-1	0	0	0	0	0	0	0	0	0	0
PSIP1_DEL	-1	0	-1	0	0	0	0	0	0	0	0	0	0
PLIN2_DEL	-1	0	-1	0	0	0	0	0	0	0	0	0	0
FAM154A_DEL	-1	0	-1	0	0	0	0	0	0	0	0	0	0
CCDC171_DEL	-1	0	-1	0	0	0	0	0	0	0	0	0	0
RRAGA_DEL	-1	0	-1	0	0	0	0	0	0	0	0	0	0
FREM1_DEL	-1	0	-1	0	0	0	0	0	0	0	0	0	0
GLIS3_DEL	-1	0	-1	0	0	0	0	0	0	0	0	0	0
LINC00583_DEL	-1	0	-1	0	0	0	0	0	0	0	0	0	0
TTC39B_DEL	-1	0	-1	0	0	0	0	0	0	0	0	0	0
KDM4C_DEL	-1	0	-1	0	0	0	0	0	0	0	0	0	0
DMRT2_DEL	-1	0	-1	0	0	0	0	0	0	0	0	0	0
UHRF2_DEL	-1	0	-1	0	0	0	0	0	0	0	0	0	0
MIR4665_DEL	-1	0	-1	0	0	0	0	0	0	0	0	0	0
RCL1_DEL	-1	0	-1	0	0	0	0	0	0	0	0	0	0
INSL6_DEL	-1	0	-1	0	0	0	0	0	0	0	0	0	0
KIAA2026_DEL	-1	0	-1	0	0	0	0	0	0	0	0	0	0
MLANA_DEL	-1	0	-1	0	0	0	0	0	0	0	0	0	0
KCNV2_DEL	-1	0	-1	0	0	0	0	0	0	0	0	0	0
RPS17L_DEL	-1	0	-1	0	0	0	0	0	0	0	0	0	0
VPS13A_DEL	-1	0	-1	0	0	0	0	0	0	0	0	0	0
MED24_AMP	1	0	1	0	0	0	0	0	0	0	0	0	0
UBE2Q2P3_DEL	-1	0	-1	0	0	0	0	0	0	0	0	0	0
UBE2Q2P2_DEL	-1	0	-1	0	0	0	0	0	0	0	0	0	0
MIR31HG_DEL	-1	0	-1	0	0	0	0	0	0	0	0	0	0
IFNE_DEL	-1	0	-1	0	0	0	0	0	0	0	0	0	0
MIR31_DEL	-1	0	-1	0	0	0	0	0	0	0	0	0	0
IFNA1_DEL	-1	0	-1	0	0	0	0	0	0	0	0	0	0
IFNA8_DEL	-1	0	-1	0	0	0	0	0	0	0	0	0	0
IFNA4_DEL	-1	0	-1	0	0	0	0	0	0	0	0	0	0
IFNA2_DEL	-1	0	-1	0	0	0	0	0	0	0	0	0	0
IFNA5_DEL	-1	0	-1	0	0	0	0	0	0	0	0	0	0
IFNA6_DEL	-1	0	-1	0	0	0	0	0	0	0	0	0	0
IFNA7_DEL	-1	0	-1	0	0	0	0	0	0	0	0	0	0
IFNA10_DEL	-1	0	-1	0	0	0	0	0	0	0	0	0	0
IFNA13_DEL	-1	0	-1	0	0	0	0	0	0	0	0	0	0
IFNA14_DEL	-1	0	-1	0	0	0	0	0	0	0	0	0	0
IFNA16_DEL	-1	0	-1	0	0	0	0	0	0	0	0	0	0
IFNA17_DEL	-1	0	-1	0	0	0	0	0	0	0	0	0	0
IFNA22P_DEL	-1	0	-1	0	0	0	0	0	0	0	0	0	0
KLHL9_DEL	-1	0	-1	0	0	0	0	0	0	0	0	0	0
IFNA21_DEL	-1	0	-1	0	0	0	0	0	0	0	0	0	0
IFNW1_DEL	-1	0	-1	0	0	0	0	0	0	0	0	0	0
SH3GL2_DEL	-1	0	-1	0	0	0	0	0	0	0	0	0	0
IFNB1_DEL	-1	0	-1	0	0	0	0	0	0	0	0	0	0
PTPLAD2_DEL	-1	0	-1	0	0	0	0	0	0	0	0	0	0
MLLT3_DEL	-1	0	-1	0	0	0	0	0	0	0	0	0	0
MIR491_DEL	-1	0	-1	0	0	0	0	0	0	0	0	0	0
LOC728875_DEL	-1	0	-1	0	0	0	0	0	0	0	0	0	0
SMARCA2_DEL	-1	0	-1	0	0	0	0	0	0	0	0	0	0
BNC2_DEL	-1	0	-1	0	0	0	0	0	0	0	0	0	0
SLC24A2_DEL	-1	0	-1	0	0	0	0	0	0	0	0	0	0
CNTLN_DEL	-1	0	-1	0	0	0	0	0	0	0	0	0	0
ACER2_DEL	-1	0	-1	0	0	0	0	0	0	0	0	0	0
LURAP1L_DEL	-1	0	-1	0	0	0	0	0	0	0	0	0	0
LOC389705_DEL	-1	0	-1	0	0	0	0	0	0	0	0	0	0
HAUS6_DEL	-1	0	-1	0	0	0	0	0	0	0	0	0	0
DENND4C_DEL	-1	0	-1	0	0	0	0	0	0	0	0	0	0
RPS6_DEL	-1	0	-1	0	0	0	0	0	0	0	0	0	0
SCARNA8_DEL	-1	0	-1	0	0	0	0	0	0	0	0	0	0
ZDHHC21_DEL	-1	0	-1	0	0	0	0	0	0	0	0	0	0
SNAPC3_DEL	-1	0	-1	0	0	0	0	0	0	0	0	0	0
TYRP1_DEL	-1	0	-1	0	0	0	0	0	0	0	0	0	0
MPDZ_DEL	-1	0	-1	0	0	0	0	0	0	0	0	0	0
CER1_DEL	-1	0	-1	0	0	0	0	0	0	0	0	0	0
FLJ41200_DEL	-1	0	-1	0	0	0	0	0	0	0	0	0	0
GLDC_DEL	-1	0	-1	0	0	0	0	0	0	0	0	0	0
RFX3_DEL	-1	0	-1	0	0	0	0	0	0	0	0	0	0
FLJ35024_DEL	-1	0	-1	0	0	0	0	0	0	0	0	0	0
DMRT3_DEL	-1	0	-1	0	0	0	0	0	0	0	0	0	0
SLC1A1_DEL	-1	0	-1	0	0	0	0	0	0	0	0	0	0
PDCD1LG2_DEL	-1	0	-1	0	0	0	0	0	0	0	0	0	0
GLIS3-AS1_DEL	-1	0	-1	0	0	0	0	0	0	0	0	0	0
TPD52L3_DEL	-1	0	-1	0	0	0	0	0	0	0	0	0	0
C9orf123_DEL	-1	0	-1	0	0	0	0	0	0	0	0	0	0
RANBP6_DEL	-1	0	-1	0	0	0	0	0	0	0	0	0	0
INSL4_DEL	-1	0	-1	0	0	0	0	0	0	0	0	0	0
PPAPDC2_DEL	-1	0	-1	0	0	0	0	0	0	0	0	0	0
AK3_DEL	-1	0	-1	0	0	0	0	0	0	0	0	0	0
SPATA6L_DEL	-1	0	-1	0	0	0	0	0	0	0	0	0	0
CDC37L1_DEL	-1	0	-1	0	0	0	0	0	0	0	0	0	0
KIAA1432_DEL	-1	0	-1	0	0	0	0	0	0	0	0	0	0
ERMP1_DEL	-1	0	-1	0	0	0	0	0	0	0	0	0	0
IL33_DEL	-1	0	-1	0	0	0	0	0	0	0	0	0	0
CD274_DEL	-1	0	-1	0	0	0	0	0	0	0	0	0	0
MIR101-2_DEL	-1	0	-1	0	0	0	0	0	0	0	0	0	0
RLN1_DEL	-1	0	-1	0	0	0	0	0	0	0	0	0	0
RLN2_DEL	-1	0	-1	0	0	0	0	0	0	0	0	0	0
VLDLR_DEL	-1	0	-1	0	0	0	0	0	0	0	0	0	0
KIAA0020_DEL	-1	0	-1	0	0	0	0	0	0	0	0	0	0
GOLGA6L9_DEL	-1	0	-1	0	0	0	0	0	0	0	0	0	0
RPS17_DEL	-1	0	-1	0	0	0	0	0	0	0	0	0	0
MED26_DEL	-1	0	-1	0	0	0	0	0	0	0	0	0	0
ZNF14_DEL	-1	0	-1	0	0	0	0	0	0	0	0	0	0
ZNF592_DEL	-1	0	-1	0	0	0	0	0	0	0	0	0	0
NEUROD2_AMP	1	0	1	1	0	1	0	0	0	0	0	0	0
PPP1R1B_AMP	1	0	1	1	0	1	0	0	0	0	0	0	0
ERBB2_AMP	1	0	1	1	0	1	1	0	0	0	0	0	0
MIR4728_AMP	1	0	1	1	0	1	1	0	0	0	0	0	0
STARD3_AMP	1	0	1	1	0	1	1	0	0	0	0	0	0
GRB7_AMP	1	0	1	1	0	1	1	0	0	0	0	0	0
PNMT_AMP	1	0	1	1	0	1	1	0	0	0	0	0	0
MIEN1_AMP	1	0	1	1	0	1	1	0	0	0	0	0	0
TCAP_AMP	1	0	1	1	0	1	1	0	0	0	0	0	0
PGAP3_AMP	1	0	1	1	0	1	1	0	0	0	0	0	0
TMEM92_AMP	1	0	0	1	0	0	0	0	0	0	0	0	0
LOC284080_AMP	1	0	0	1	0	0	0	0	0	0	0	0	0
EME1_AMP	1	0	0	1	0	0	0	0	0	0	0	0	0
CHAD_AMP	1	0	0	1	0	0	0	0	0	0	0	0	0
CACNA1G-AS1_AMP	1	0	0	1	0	0	0	0	0	0	0	0	0
XYLT2_AMP	1	0	0	1	0	0	0	0	0	0	0	0	0
MRPL27_AMP	1	0	0	1	0	0	0	0	0	0	0	0	0
LRRC59_AMP	1	0	0	1	0	0	0	0	0	0	0	0	0
EPN3_AMP	1	0	0	1	0	0	0	0	0	0	0	0	0
RSAD1_AMP	1	0	0	1	0	0	0	0	0	0	0	0	0
SPATA20_AMP	1	0	0	1	0	0	0	0	0	0	0	0	0
ACSF2_AMP	1	0	0	1	0	0	0	0	0	0	0	0	0
RNU6-67_DEL	-1	0	0	-1	0	0	0	0	0	0	0	0	0
LINC00424_DEL	-1	0	0	-1	0	0	0	0	0	0	0	0	0
CACNA1G_AMP	1	0	0	1	0	0	0	0	0	0	0	0	0
MYCBPAP_AMP	1	0	0	1	0	0	0	0	0	0	0	0	0
GUCY1B2_DEL	-1	0	0	-1	0	0	0	0	0	0	0	0	0
ZNF826P_DEL	-1	0	0	-1	0	0	0	0	0	0	0	0	0
BASP1P1_DEL	-1	0	0	-1	0	0	0	0	0	0	0	0	0
ZNF132_DEL	-1	0	0	-1	0	0	0	0	0	0	0	0	0
ZNF496_AMP	1	0	1	1	0	0	1	0	0	0	0	0	0
ZNF670_AMP	1	0	1	1	0	0	1	0	0	0	0	0	0
VPS53_DEL	-1	0	-1	-1	0	0	-1	0	0	0	0	0	0
SGSM2_DEL	-1	0	-1	-1	0	0	-1	0	0	0	0	0	0
SCCPDH_AMP	1	0	1	1	0	0	1	0	0	0	0	0	0
ZNF692_AMP	1	0	1	1	0	0	1	0	0	0	0	0	0
FLJ45513_AMP	1	0	1	1	0	0	1	0	0	0	0	0	0
ZNF672_AMP	1	0	1	1	0	0	1	0	0	0	0	0	0
SH3BP5L_AMP	1	0	1	1	0	0	1	0	0	0	0	0	0
OR6F1_AMP	1	0	1	1	0	0	1	0	0	0	0	0	0
OR2W3_AMP	1	0	1	1	0	0	1	0	0	0	0	0	0
OR2T8_AMP	1	0	1	1	0	0	1	0	0	0	0	0	0
C1orf229_AMP	1	0	1	1	0	0	1	0	0	0	0	0	0
OR2M1P_AMP	1	0	1	1	0	0	1	0	0	0	0	0	0
OR11L1_AMP	1	0	1	1	0	0	1	0	0	0	0	0	0
OR2L8_AMP	1	0	1	1	0	0	1	0	0	0	0	0	0
OR2AK2_AMP	1	0	1	1	0	0	1	0	0	0	0	0	0
OR2L3_AMP	1	0	1	1	0	0	1	0	0	0	0	0	0
OR2M2_AMP	1	0	1	1	0	0	1	0	0	0	0	0	0
OR2T33_AMP	1	0	1	1	0	0	1	0	0	0	0	0	0
OR2M7_AMP	1	0	1	1	0	0	1	0	0	0	0	0	0
LGALS8_AMP	1	0	1	1	0	0	1	0	0	0	0	0	0
OR2W5_AMP	1	0	1	1	0	0	1	0	0	0	0	0	0
OR13G1_AMP	1	0	1	1	0	0	1	0	0	0	0	0	0
ZNF695_AMP	1	0	1	1	0	0	1	0	0	0	0	0	0
TFB2M_AMP	1	0	1	1	0	0	1	0	0	0	0	0	0
ZNF124_AMP	1	0	1	1	0	0	1	0	0	0	0	0	0
ZNF669_AMP	1	0	1	1	0	0	1	0	0	0	0	0	0
OR2L5_AMP	1	0	1	1	0	0	1	0	0	0	0	0	0
OR2G3_AMP	1	0	1	1	0	0	1	0	0	0	0	0	0
OR2G2_AMP	1	0	1	1	0	0	1	0	0	0	0	0	0
OR2C3_AMP	1	0	1	1	0	0	1	0	0	0	0	0	0
HEATR1_AMP	1	0	1	1	0	0	1	0	0	0	0	0	0
LOC339535_AMP	1	0	1	1	0	0	1	0	0	0	0	0	0
ITPKB_AMP	1	0	1	1	0	0	1	0	0	0	0	0	0
C1orf95_AMP	1	0	1	1	0	0	1	0	0	0	0	0	0
LOC731275_AMP	1	0	1	1	0	0	1	0	0	0	0	0	0
TOMM20_AMP	1	0	1	1	0	0	1	0	0	0	0	0	0
CEP170_AMP	1	0	1	1	0	0	1	0	0	0	0	0	0
RBM34_AMP	1	0	1	1	0	0	1	0	0	0	0	0	0
MIR3124_AMP	1	0	1	1	0	0	1	0	0	0	0	0	0
LOC149134_AMP	1	0	1	1	0	0	1	0	0	0	0	0	0
CNST_AMP	1	0	1	1	0	0	1	0	0	0	0	0	0
AHCTF1_AMP	1	0	1	1	0	0	1	0	0	0	0	0	0
PGBD2_AMP	1	0	1	1	0	0	1	0	0	0	0	0	0
MIR3916_AMP	1	0	1	1	0	0	1	0	0	0	0	0	0
ZNF670-ZNF695_AMP	1	0	1	1	0	0	1	0	0	0	0	0	0
KAT7_AMP	1	0	1	1	0	0	1	0	0	0	0	0	0
NLRP3_AMP	1	0	1	1	0	0	1	0	0	0	0	0	0
OR2B11_AMP	1	0	1	1	0	0	1	0	0	0	0	0	0
GCSAML_AMP	1	0	1	1	0	0	1	0	0	0	0	0	0
GCSAML-AS1_AMP	1	0	1	1	0	0	1	0	0	0	0	0	0
OR2T6_AMP	1	0	1	1	0	0	1	0	0	0	0	0	0
TAC4_AMP	1	0	1	1	0	0	1	0	0	0	0	0	0
LOC255654_AMP	1	0	1	1	0	0	1	0	0	0	0	0	0
TRIM58_AMP	1	0	1	1	0	0	1	0	0	0	0	0	0
OR1C1_AMP	1	0	1	1	0	0	1	0	0	0	0	0	0
OR2T1_AMP	1	0	1	1	0	0	1	0	0	0	0	0	0
OR2L13_AMP	1	0	1	1	0	0	1	0	0	0	0	0	0
OR14A16_AMP	1	0	1	1	0	0	1	0	0	0	0	0	0
VN1R5_AMP	1	0	1	1	0	0	1	0	0	0	0	0	0
SDCCAG8_AMP	1	0	1	1	0	0	1	0	0	0	0	0	0
WFIKKN2_AMP	1	0	1	1	0	0	1	0	0	0	0	0	0
OR2M5_AMP	1	0	1	1	0	0	1	0	0	0	0	0	0
OR2M3_AMP	1	0	1	1	0	0	1	0	0	0	0	0	0
OR2T12_AMP	1	0	1	1	0	0	1	0	0	0	0	0	0
OR14C36_AMP	1	0	1	1	0	0	1	0	0	0	0	0	0
OR2T4_AMP	1	0	1	1	0	0	1	0	0	0	0	0	0
OR2M4_AMP	1	0	1	1	0	0	1	0	0	0	0	0	0
OR2L2_AMP	1	0	1	1	0	0	1	0	0	0	0	0	0
OR2L1P_AMP	1	0	1	1	0	0	1	0	0	0	0	0	0
MIR4677_AMP	1	0	1	1	0	0	1	0	0	0	0	0	0
AKT3_AMP	1	0	1	1	0	0	1	0	0	0	0	0	0
PARP1_AMP	1	0	1	1	0	0	1	0	0	0	0	0	0
OR2T2_AMP	1	0	1	1	0	0	1	0	0	0	0	0	0
SNORA14B_AMP	1	0	1	1	0	0	1	0	0	0	0	0	0
SMYD3_AMP	1	0	1	1	0	0	1	0	0	0	0	0	0
LYPD8_AMP	1	0	1	1	0	0	1	0	0	0	0	0	0
OR2T3_AMP	1	0	1	1	0	0	1	0	0	0	0	0	0
OR2G6_AMP	1	0	1	1	0	0	1	0	0	0	0	0	0
OR2T5_AMP	1	0	1	1	0	0	1	0	0	0	0	0	0
OR14I1_AMP	1	0	1	1	0	0	1	0	0	0	0	0	0
OR2T27_AMP	1	0	1	1	0	0	1	0	0	0	0	0	0
SHANK2-AS1_AMP	1	0	1	0	0	1	0	0	0	0	0	0	0
ARHGAP42_AMP	1	0	1	0	0	1	0	0	0	0	0	0	0
LRRC3C_AMP	1	0	1	0	0	1	0	0	0	0	0	0	0
GSDMA_AMP	1	0	1	0	0	1	0	0	0	0	0	0	0
PGR_AMP	1	0	1	0	0	1	0	0	0	0	0	0	0
CNTN5_AMP	1	0	1	0	0	1	0	0	0	0	0	0	0
TRPC6_AMP	1	0	1	0	0	1	0	0	0	0	0	0	0
PSMD3_AMP	1	0	1	0	0	1	0	0	0	0	0	0	0
TMEM133_AMP	1	0	1	0	0	1	0	0	0	0	0	0	0
FOCAD_DEL	-1	0	-1	0	0	-1	0	0	0	0	0	0	0
ADAMTSL1_DEL	-1	0	-1	0	0	-1	0	0	0	0	0	0	0
LOC728407_AMP	1	0	0	0	1	0	0	0	0	0	0	0	0
ECRP_AMP	1	0	0	0	1	0	0	0	0	0	0	0	0
RNASE3_AMP	1	0	0	0	1	0	0	0	0	0	0	0	0
OR52N5_AMP	1	0	0	0	1	0	0	0	0	0	0	0	0
OR52N1_AMP	1	0	0	0	1	0	0	0	0	0	0	0	0
PARG_AMP	1	0	0	0	1	0	0	0	0	0	0	0	0
MIR5708_AMP	1	0	0	1	0	1	0	0	0	0	0	0	0
FABP4_AMP	1	0	0	1	0	1	0	0	0	0	0	0	0
FABP5_AMP	1	0	0	1	0	1	0	0	0	0	0	0	0
MRPS28_AMP	1	0	0	1	0	1	0	0	0	0	0	0	0
ZFHX4-AS1_AMP	1	0	0	1	0	1	0	0	0	0	0	0	0
HEY1_AMP	1	0	0	1	0	1	0	0	0	0	0	0	0
STMN2_AMP	1	0	0	1	0	1	0	0	0	0	0	0	0
SLC10A5_AMP	1	0	0	1	0	1	0	0	0	0	0	0	0
IMPA1_AMP	1	0	0	1	0	1	0	0	0	0	0	0	0
PMP2_AMP	1	0	0	1	0	1	0	0	0	0	0	0	0
PAG1_AMP	1	0	0	1	0	1	0	0	0	0	0	0	0
ZNF704_AMP	1	0	0	1	0	1	0	0	0	0	0	0	0
SNX16_AMP	1	0	0	1	0	1	0	0	0	0	0	0	0
FABP9_AMP	1	0	0	1	0	1	0	0	0	0	0	0	0
FABP12_AMP	1	0	0	1	0	1	0	0	0	0	0	0	0
ZBTB10_AMP	1	0	0	1	0	1	0	0	0	0	0	0	0
TPD52_AMP	1	0	0	1	0	1	0	0	0	0	0	0	0
ZFAND1_AMP	1	0	0	1	0	1	0	0	0	0	0	0	0
IL7_AMP	1	0	0	1	0	1	0	0	0	0	0	0	0
ZC2HC1A_AMP	1	0	0	1	0	1	0	0	0	0	0	0	0
PKIA_AMP	1	0	0	1	0	1	0	0	0	0	0	0	0
PEX2_AMP	1	0	0	1	0	1	0	0	0	0	0	0	0
ZFHX4_AMP	1	0	0	1	0	1	0	0	0	0	0	0	0
EYS_AMP	1	0	0	1	0	1	0	0	0	0	0	0	0
CDK12_AMP	1	0	0	1	0	1	0	0	0	0	0	0	0
CHMP4C_AMP	1	0	0	1	0	1	0	0	0	0	0	0	0
